Time/t	Open	R	R_t+1	R_t+2	R_t+3	Volume	Scores_t	segment_t
0	161.17	0	0.000558417	0.000558105	0.000062	51.82	0.303481481	1
1	161.26	0.000558417	0.000558105	0.000062	0.001239465	61.88	0.272370266	1
2	161.35	0.000558105	0.000062	0.001239465	0.001856895	58.7	0.201108374	1
3	161.36	0.000062	0.001239465	0.001856895	-0.000185345	173.53	0.253387097	1
4	161.56	0.001239465	0.001856895	-0.000185345	0.000617932	351.04	0.227734878	1
5	161.86	0.001856895	-0.000185345	0.000617932	0.001111591	373.48	0.247852349	1
6	161.83	-0.000185345	0.000617932	0.001111591	-0.000925298	422.26	0.314583333	1
7	161.93	0.000617932	0.001111591	-0.000925298	-0.000308718	245.96	0.362213225	1
8	162.11	0.001111591	-0.000925298	-0.000308718	0.000370576	222.37	0.293333333	1
9	161.96	-0.000925298	-0.000308718	0.000370576	0.0000617	151.25	0.265384615	2
10	161.91	-0.000308718	0.000370576	0.0000617	-0.001296456	155.9	0.330136054	2
11	161.97	0.000370576	0.0000617	-0.001296456	-0.000556345	139.2	0.317967699	2
12	161.98	0.0000617	-0.001296456	-0.000556345	-0.000123701	185.46	0.248689384	2
13	161.77	-0.001296456	-0.000556345	-0.000123701	0.000123716	170.58	0.304521277	2
14	161.68	-0.000556345	-0.000123701	0.000123716	-0.000309253	76.36	0.341619318	2
15	161.66	-0.000123701	0.000123716	-0.000309253	-0.000185609	69.84	0.371681416	2
16	161.68	0.000123716	-0.000309253	-0.000185609	0.000928218	75.2	0.305148096	2
17	161.63	-0.000309253	-0.000185609	0.000928218	0.001051005	132.39	0.314784547	3
18	161.6	-0.000185609	0.000928218	0.001051005	-0.00055583	181.24	0.352234994	3
19	161.75	0.000928218	0.001051005	-0.00055583	0.000308966	151.72	0.254606526	3
20	161.92	0.001051005	-0.00055583	0.000308966	0.00074129	126.43	0.200619048	3
21	161.83	-0.00055583	0.000308966	0.00074129	-0.00037037	60.42	0.26786134	3
22	161.88	0.000308966	0.00074129	-0.00037037	0.0000618	168.85	0.185996956	3
23	162	0.00074129	-0.00037037	0.0000618	0.000123495	138.84	0.203931848	3
24	161.94	-0.00037037	0.0000618	0.000123495	0.000246959	55.18	0.290909091	3
25	161.95	0.0000618	0.000123495	0.000246959	-0.00080242	180.14	0.26921944	3
26	161.97	0.000123495	0.000246959	-0.00080242	0.000679516	120.34	0.301657061	3
27	162.01	0.000246959	-0.00080242	0.000679516	0.00111118	142.99	0.30311284	3
28	161.88	-0.00080242	0.000679516	0.00111118	0.000678301	100.29	0.338561721	3
29	161.99	0.000679516	0.00111118	0.000678301	0.001787035	295.67	0.320446585	3
30	162.17	0.00111118	0.000678301	0.001787035	0.0000615	310.68	0.351819836	3
31	162.28	0.000678301	0.001787035	0.0000615	0.00135318	645.53	0.397645951	3
32	162.57	0.001787035	0.0000615	0.00135318	0.000429975	332.75	0.421949829	3
33	162.58	0.0000615	0.00135318	0.000429975	0.000122797	403.33	0.329431818	3
34	162.8	0.00135318	0.000429975	0.000122797	0.002148689	356.67	0.307237716	3
35	162.87	0.000429975	0.000122797	0.002148689	-0.000306297	326.16	0.282860666	3
36	162.89	0.000122797	0.002148689	-0.000306297	0.000183835	591.98	0.330677765	3
37	163.24	0.002148689	-0.000306297	0.000183835	0.000306335	530.79	0.343325387	3
38	163.19	-0.000306297	0.000183835	0.000306335	0.000612482	293.21	0.284807256	3
39	163.22	0.000183835	0.000306335	0.000612482	-0.000428475	373.6	0.319449715	4
40	163.27	0.000306335	0.000612482	-0.000428475	0.001530925	456.71	0.316838843	4
41	163.37	0.000612482	-0.000428475	0.001530925	-0.001589728	278.87	0.274862132	4
42	163.3	-0.000428475	0.001530925	-0.001589728	0.000244963	438.05	0.284677419	4
43	163.55	0.001530925	-0.001589728	0.000244963	-0.000612257	380.2	0.286036866	4
44	163.29	-0.001589728	0.000244963	-0.000612257	-0.00018379	190.68	0.305376344	4
45	163.33	0.000244963	-0.000612257	-0.00018379	-0.000612745	162.6	0.29439314	4
46	163.23	-0.000612257	-0.00018379	-0.000612745	-0.001164929	228.03	0.309251412	4
47	163.2	-0.00018379	-0.000612745	-0.001164929	0.000920754	256.29	0.404456654	4
48	163.1	-0.000612745	-0.001164929	0.000920754	-0.00042929	386.18	0.348596939	4
49	162.91	-0.001164929	0.000920754	-0.00042929	0.001227069	215.51	0.276690141	4
50	163.06	0.000920754	-0.00042929	0.001227069	0.000674061	148.1	0.332411348	4
51	162.99	-0.00042929	0.001227069	0.000674061	0.0000612	162.06	0.351466276	4
52	163.19	0.001227069	0.000674061	0.0000612	0.001347131	297.57	0.31744012	5
53	163.3	0.000674061	0.0000612	0.001347131	0.001161866	238.75	0.339959839	5
54	163.31	0.0000612	0.001347131	0.001161866	-0.000977278	288.23	0.22564276	5
55	163.53	0.001347131	0.001161866	-0.000977278	0.000122279	482.66	0.254026611	5
56	163.72	0.001161866	-0.000977278	0.000122279	-0.001589436	439.33	0.220340587	5
57	163.56	-0.000977278	0.000122279	-0.001589436	-0.003000245	426.52	0.244775391	5
58	163.58	0.000122279	-0.001589436	-0.003000245	0.001596757	356.93	0.204347826	5
59	163.32	-0.001589436	-0.003000245	0.001596757	-0.000797106	580.26	0.276106459	5
60	162.83	-0.003000245	0.001596757	-0.000797106	-0.002270496	351.11	0.281511057	5
61	163.09	0.001596757	-0.000797106	-0.002270496	0.000615044	281.6	0.269477172	5
62	162.96	-0.000797106	-0.002270496	0.000615044	0.001966931	426.14	0.304697712	5
63	162.59	-0.002270496	0.000615044	0.001966931	-0.001288265	236.76	0.291186891	5
64	162.69	0.000615044	0.001966931	-0.001288265	0.001044226	208.85	0.224739336	5
65	163.01	0.001966931	-0.001288265	0.001044226	0.001534025	229.97	0.28832853	5
66	162.8	-0.001288265	0.001044226	0.001534025	-0.000735204	150.17	0.288575152	5
67	162.97	0.001044226	0.001534025	-0.000735204	-0.001103617	319.66	0.261906977	5
68	163.22	0.001534025	-0.000735204	-0.001103617	0.000245519	241.33	0.224354067	5
69	163.1	-0.000735204	-0.001103617	0.000245519	-0.000859107	193.25	0.237367915	5
70	162.92	-0.001103617	0.000245519	-0.000859107	0.000307088	125.08	0.289748369	5
71	162.96	0.000245519	-0.000859107	0.000307088	-0.000184196	150.57	0.259887295	5
72	162.82	-0.000859107	0.000307088	-0.000184196	0.00024564	167.46	0.224208376	5
73	162.87	0.000307088	-0.000184196	0.00024564	0.001412083	127.14	0.226709797	5
74	162.84	-0.000184196	0.00024564	0.001412083	0.001961866	113.77	0.347619048	5
75	162.88	0.00024564	0.001412083	0.001961866	-0.000856636	269.31	0.354080908	5
76	163.11	0.001412083	0.001961866	-0.000856636	0.000244963	698.79	0.321497765	6
77	163.43	0.001961866	-0.000856636	0.000244963	-0.001530643	572.93	0.172943193	6
78	163.29	-0.000856636	0.000244963	-0.001530643	-0.002330145	492.57	0.144516129	6
79	163.33	0.000244963	-0.001530643	-0.002330145	-0.003810695	371.79	0.114679912	6
80	163.08	-0.001530643	-0.002330145	-0.003810695	0.001357354	411.64	0.178177405	6
81	162.7	-0.002330145	-0.003810695	0.001357354	-0.0008626	614.98	0.288074342	6
82	162.08	-0.003810695	0.001357354	-0.0008626	-0.00049334	564.87	0.26568313	6
83	162.3	0.001357354	-0.0008626	-0.00049334	-0.002282823	358.37	0.164035088	6
84	162.16	-0.0008626	-0.00049334	-0.002282823	0.000432874	299.44	0.118192675	6
85	162.08	-0.00049334	-0.002282823	0.000432874	0	361.03	0.12463548	6
86	161.71	-0.002282823	0.000432874	0	0.000185437	312.11	0.09847561	6
87	161.78	0.000432874	0	0.000185437	0.000741611	227.25	0.167965077	6
88	161.78	0	0.000185437	0.000741611	0.001358612	159.61	0.175927328	6
89	161.81	0.000185437	0.000741611	0.001358612	-0.000986741	230.72	0.179993041	6
90	161.93	0.000741611	0.001358612	-0.000986741	0.000185197	174.89	0.188065234	6
91	162.15	0.001358612	-0.000986741	0.000185197	0.001481299	166.02	0.150298954	6
92	161.99	-0.000986741	0.000185197	0.001481299	-0.002588438	163.62	0.146158224	6
93	162.02	0.000185197	0.001481299	-0.002588438	-0.002656945	336.38	0.146459166	6
94	162.26	0.001481299	-0.002588438	-0.002656945	-0.003407472	296.38	0.092323097	6
95	161.84	-0.002588438	-0.002656945	-0.003407472	-0.00180281	704.01	0.125687702	6
96	161.41	-0.002656945	-0.003407472	-0.00180281	-0.002304291	637.6	0.148215962	6
97	160.86	-0.003407472	-0.00180281	-0.002304291	0.002372035	885.86	0.145269673	6
98	160.57	-0.00180281	-0.002304291	0.002372035	-0.00249097	578.69	0.159057677	6
99	160.2	-0.002304291	0.002372035	-0.00249097	0.001685604	483.47	0.209265176	6
100	160.58	0.002372035	-0.00249097	0.001685604	0.000311624	804.77	0.18404908	6
101	160.18	-0.00249097	0.001685604	0.000311624	-0.000685358	244.14	0.220684211	6
102	160.45	0.001685604	0.000311624	-0.000685358	0.002306877	325.23	0.209279919	6
103	160.5	0.000311624	-0.000685358	0.002306877	0.000746454	252.23	0.238367129	6
104	160.39	-0.000685358	0.002306877	0.000746454	0.000372949	286.83	0.243927355	6
105	160.76	0.002306877	0.000746454	0.000372949	-0.00062135	236.39	0.237863674	6
106	160.88	0.000746454	0.000372949	-0.00062135	0.000310868	193.98	0.238448276	6
107	160.94	0.000372949	-0.00062135	0.000310868	-0.001802474	209.24	0.229312289	6
108	160.84	-0.00062135	0.000310868	-0.001802474	0.002552927	171.31	0.212895377	6
109	160.89	0.000310868	-0.001802474	0.002552927	-0.004471772	824.31	0.213888889	6
110	160.6	-0.001802474	0.002552927	-0.004471772	-0.000374322	515.57	0.153270609	7
111	161.01	0.002552927	-0.004471772	-0.000374322	-0.000748923	481.3	0.150943396	7
112	160.29	-0.004471772	-0.000374322	-0.000748923	0	489	0.169646018	7
113	160.23	-0.000374322	-0.000748923	0	0.00212354	221.79	0.197677866	7
114	160.11	-0.000748923	0	0.00212354	-0.001869741	422.32	0.212254902	8
115	160.11	0	0.00212354	-0.001869741	-0.002060568	374.8	0.216830226	8
116	160.45	0.00212354	-0.001869741	-0.002060568	0.000813415	334.65	0.249326923	8
117	160.15	-0.001869741	-0.002060568	0.000813415	0	463.76	0.305152225	8
118	159.82	-0.002060568	0.000813415	0	0	356.23	0.268544304	8
119	159.95	0.000813415	0	0	0	393.75	0.236938202	8
